...
  1856 399987  0.9 7088060 java
  1856   2479  1.0 7088060 java
  1856 523238  1.1 7088060 java
  1856 523239  1.1 7088060 java
  1856 523240  1.1 7088060 java
  1856 523242  1.1 7088060 java
  1856 523243  1.1 7088060 java
  1856 399963  1.2 7088060 java
  1856 399964  1.2 7088060 java
  1856 399973  1.2 7088060 java
  1856 399974  1.2 7088060 java
  1856 399975  1.2 7088060 java
  1856 399976  1.2 7088060 java
  1856 399977  1.2 7088060 java
  1856 399986  1.2 7088060 java
  1856 399989  1.2 7088060 java
  1856 399993  1.2 7088060 java
  1856 399994  1.2 7088060 java
  1856 399997  1.2 7088060 java
  1856 400000  1.2 7088060 java
  1856 400001  1.2 7088060 java
  1856 400003  1.2 7088060 java
  1856   2223  1.6 7088060 java
